0  1  3.09 
0  2  4.17 
0  3  22.80 
0  4  7.37 
0  5  6.61 
0  6  19.57 
1  8  4.71 
2  7  24.15 
2  9  22.08 
2  10  12.73 
3  8  23.74 
4  7  30.63 
5  7  23.57 
6  7  18.09 
7  11  8.77 
7  12  18.64 
7  13  15.97 
7  14  6.24 
8  11  26.88 
9  11  13.40 
10  11  23.88 
11  19  9.54 
12  15  14.45 
12  16  9.65 
12  18  18.16 
12  20  24.70 
12  21  25.97 
13  17  17.34 
13  24  12.04 
14  15  13.89 
15  22  12.45 
15  25  19.95 
15  28  7.07 
16  26  9.81 
17  27  13.97 
18  22  9.45 
19  22  12.26 
20  23  34.01 
20  27  20.84 
20  34  18.54 
21  22  18.19 
22  36  16.77 
23  34  12.26 
24  29  2.30 
24  30  2.16 
24  32  16.13 
24  33  5.86 
24  35  20.37 
24  37  5.76 
25  29  8.37 
26  31  19.59 
27  29  11.66 
28  29  10.34 
29  39  14.70 
29  40  15.75 
29  41  11.16 
30  39  14.26 
31  38  10.84 
32  39  16.12 
33  39  14.88 
34  47  17.04 
35  39  20.04 
36  39  1.69 
37  39  9.33 
38  43  10.29 
38  44  16.62 
38  45  13.93 
39  46  16.35 
40  42  16.35 
41  43  25.98 
42  48  13.25 
43  48  3.09 
44  48  6.23 
45  48  11.25 
46  48  6.78 
47  48  26.63 
