0  2  14.14 
1  3  1.19 
2  4  9.64 
3  4  19.80 
4  5  22.59 
4  6  18.72 
4  7  13.75 
4  8  2.30 
4  9  23.81 
5  13  13.06 
6  13  5.80 
7  12  24.18 
7  14  26.34 
7  24  2.64 
8  10  33.08 
8  11  21.12 
9  13  17.68 
10  16  0.31 
10  21  33.52 
11  19  11.47 
12  24  4.48 
12  26  7.66 
13  15  10.95 
13  17  2.10 
13  18  18.14 
13  20  10.83 
13  22  3.26 
13  23  0.65 
13  25  3.92 
13  27  6.50 
14  15  13.87 
15  30  9.05 
15  32  10.13 
15  34  4.51 
16  35  18.87 
17  29  9.23 
18  29  31.90 
19  29  3.06 
20  29  11.59 
21  31  25.00 
22  28  0.54 
22  35  2.49 
23  35  0.84 
24  33  10.70 
24  34  9.07 
25  33  14.14 
26  29  23.18 
27  29  0.44 
28  36  8.15 
28  37  15.99 
28  38  6.73 
29  36  7.44 
30  36  5.95 
31  39  14.84 
31  40  22.97 
32  36  6.61 
33  41  33.96 
34  40  4.97 
35  36  11.39 
36  43  14.17 
37  43  16.58 
38  42  12.21 
39  43  13.56 
40  43  22.38 
41  42  12.46 
42  44  23.07 
42  45  9.46 
43  44  24.55 
44  47  11.19 
44  48  0.44 
45  46  4.43 
