0  2  20.15 
0  3  22.60 
1  2  17.25 
2  9  17.33 
2  10  9.46 
3  4  13.92 
3  5  17.63 
3  6  18.27 
3  7  8.60 
3  8  19.37 
4  14  24.03 
4  16  21.71 
4  18  19.04 
4  19  5.95 
5  17  12.05 
5  28  13.47 
6  13  7.37 
6  20  14.19 
7  13  13.69 
7  15  11.50 
8  11  10.50 
9  14  11.65 
10  12  12.34 
11  27  8.33 
11  29  7.76 
12  25  11.49 
13  25  0.76 
14  28  9.83 
15  20  0.21 
15  26  28.45 
16  27  19.23 
17  21  24.48 
17  22  19.33 
17  23  8.79 
17  24  17.01 
17  30  17.20 
17  31  19.85 
18  27  3.04 
19  21  0.22 
20  36  19.41 
21  33  6.27 
21  34  2.39 
21  35  23.88 
21  40  4.30 
22  32  23.24 
23  33  38.72 
24  33  12.64 
25  39  21.13 
26  33  2.03 
27  37  32.75 
28  36  6.10 
29  36  13.10 
30  38  13.43 
31  39  4.16 
32  41  14.58 
33  41  25.13 
34  42  17.00 
34  43  2.15 
35  41  26.86 
36  41  17.71 
37  41  6.87 
38  44  14.76 
39  41  8.11 
40  41  18.49 
41  45  11.76 
41  46  25.08 
42  45  38.63 
43  45  15.43 
44  45  20.73 
45  47  15.77 
46  48  6.93 
