0  1  15.71 
0  2  19.71 
0  3  16.92 
0  4  14.32 
1  8  5.61 
2  5  21.11 
2  6  3.05 
2  7  12.85 
2  10  13.32 
3  5  21.46 
4  9  14.24 
5  15  20.34 
5  17  2.31 
6  12  20.64 
6  13  1.56 
6  16  22.28 
7  14  10.03 
8  12  11.92 
9  14  7.86 
10  11  10.71 
10  17  8.81 
11  18  3.72 
11  25  5.75 
11  34  14.67 
12  19  17.26 
13  24  8.92 
14  20  15.84 
14  22  16.51 
14  23  8.91 
14  26  12.35 
15  20  26.54 
16  21  6.60 
17  20  19.40 
18  27  4.92 
18  29  5.42 
18  33  33.11 
18  34  11.27 
18  43  2.58 
19  28  23.45 
19  30  15.11 
19  35  15.92 
20  28  8.58 
21  29  12.70 
21  33  10.40 
22  27  1.86 
22  33  8.68 
23  43  26.41 
24  27  8.10 
24  33  18.42 
24  34  27.13 
25  31  10.58 
25  32  10.61 
26  31  23.76 
27  37  23.84 
27  41  18.83 
28  36  17.32 
28  37  14.45 
28  42  14.52 
29  44  29.44 
30  46  2.42 
31  38  30.25 
31  42  0.86 
32  38  12.59 
32  41  8.84 
33  36  16.70 
33  37  19.76 
33  39  1.35 
34  40  10.17 
35  44  14.11 
36  45  9.92 
37  47  11.92 
38  45  15.65 
39  45  8.00 
40  45  23.33 
41  47  11.01 
42  47  9.89 
43  45  2.70 
44  45  6.02 
45  48  7.33 
46  48  3.06 
47  48  20.95 
