0  1  24.36 
0  2  36.65 
1  3  25.83 
2  4  15.46 
3  5  22.23 
3  6  13.67 
3  7  28.57 
3  9  18.68 
4  8  9.70 
5  11  0.70 
6  17  5.60 
7  10  15.14 
7  12  9.78 
7  16  25.40 
8  18  12.29 
9  13  31.85 
9  14  26.47 
9  15  9.12 
9  17  11.52 
10  23  7.19 
10  24  15.78 
10  27  28.14 
10  34  0.77 
11  19  8.11 
11  22  15.32 
11  26  23.35 
12  19  17.11 
13  19  16.14 
14  25  25.45 
15  28  16.94 
16  21  9.63 
17  19  12.57 
18  20  4.93 
18  21  17.47 
19  30  21.43 
19  32  24.18 
20  35  11.43 
21  28  16.61 
21  29  18.62 
22  30  8.67 
23  30  4.09 
24  33  14.74 
25  31  6.85 
25  35  18.12 
26  33  23.00 
26  35  17.64 
27  30  4.87 
28  37  9.39 
28  39  17.48 
29  43  18.03 
30  37  22.07 
31  38  9.06 
32  36  5.21 
33  36  17.34 
34  38  19.44 
35  37  34.25 
36  40  13.17 
36  41  14.45 
36  45  10.23 
36  46  7.94 
37  43  19.82 
37  44  15.53 
38  42  9.93 
39  42  1.20 
40  47  10.77 
41  47  8.09 
42  48  24.55 
43  47  21.47 
44  47  1.78 
45  47  23.67 
46  48  6.28 
